[header]
width=59
height=45
tilewidth=16
tileheight=16
orientation=orthogonal
background_color=0,0,0,255

[tilesets]
tileset=../../hw4 - platformer/NYUCodebase/sprites.png,16,16,0,0

[layer]
type=Tile Layer 1
data=
33,33,33,33,33,33,33,33,33,33,33,33,33,33,33,33,33,33,33,33,33,33,33,33,33,33,33,33,33,33,33,33,33,33,33,33,33,33,33,33,33,33,33,33,33,33,33,12,12,12,12,33,33,33,33,33,33,33,33,
33,33,5,5,5,5,5,5,5,5,5,5,5,5,5,5,5,5,5,5,5,5,5,5,5,5,5,5,5,5,5,5,5,5,5,5,5,5,5,5,5,5,5,5,5,5,5,0,0,0,0,5,5,5,5,5,5,33,33,
33,5,0,0,0,0,0,0,0,0,0,0,0,0,0,0,0,0,0,0,0,5,0,0,0,0,0,0,0,0,0,0,0,0,0,0,0,0,0,0,0,0,0,0,0,0,5,0,0,0,0,5,0,0,0,0,0,5,33,
33,5,0,0,0,0,0,0,0,0,0,0,0,0,0,0,0,0,0,0,0,5,0,0,0,0,0,0,0,0,0,0,0,0,0,0,0,0,0,0,0,0,0,0,0,0,5,0,0,0,0,5,0,0,0,0,0,5,33,
33,5,0,0,0,0,0,0,0,0,0,0,0,0,0,0,0,0,0,0,0,5,0,0,0,0,0,0,0,0,0,5,5,5,5,5,5,5,5,5,0,0,0,0,0,0,5,0,0,0,0,5,0,0,0,0,0,5,33,
33,5,0,0,0,0,0,0,5,5,5,5,5,0,0,0,0,5,5,5,5,5,5,5,0,0,0,0,0,0,5,0,0,0,0,0,0,0,0,0,5,0,0,0,0,0,5,0,0,0,0,5,0,0,0,0,0,5,33,
33,5,0,0,0,0,5,5,5,0,0,0,0,5,0,0,5,0,0,0,0,0,0,0,5,0,0,0,0,0,5,0,0,0,0,0,0,0,0,0,5,0,0,0,0,0,5,0,0,0,0,5,5,5,5,5,5,5,33,
33,5,0,0,0,0,5,0,0,0,0,0,0,5,0,0,5,0,0,0,0,0,0,0,5,0,0,0,0,0,5,0,0,0,0,0,0,0,0,0,5,5,0,0,0,0,5,0,0,0,0,0,0,0,0,0,0,5,33,
33,5,0,0,0,0,5,0,0,0,0,0,0,5,0,0,5,0,0,0,0,0,0,0,5,0,0,0,0,0,5,0,0,0,5,5,5,5,0,0,0,5,0,0,0,0,5,0,0,0,0,0,0,0,0,0,0,5,33,
33,5,0,0,0,0,5,5,5,5,0,0,0,5,0,0,5,0,0,0,0,0,0,0,5,0,0,0,0,0,5,0,0,0,5,0,0,5,0,0,0,5,0,0,0,0,5,0,0,0,0,0,0,0,0,0,0,5,33,
33,5,0,0,0,0,5,0,0,0,0,0,0,5,0,0,5,0,0,0,0,0,0,0,0,5,0,0,0,0,5,0,0,0,5,5,5,5,0,0,0,5,0,0,0,0,5,0,0,0,0,0,0,0,0,0,0,5,33,
33,5,0,0,0,0,5,0,0,0,0,0,0,5,0,0,5,0,0,0,0,0,0,0,0,5,0,0,0,0,5,0,0,0,0,0,0,0,0,0,0,5,0,0,0,0,5,5,5,5,5,5,0,0,0,0,0,5,33,
33,5,0,0,0,0,5,0,0,0,0,0,0,5,0,0,5,0,0,0,0,0,0,0,0,5,0,0,0,0,5,0,0,0,0,0,0,0,0,0,0,5,0,0,0,0,0,0,0,0,0,5,0,0,0,0,0,5,33,
33,5,0,0,0,0,5,0,0,0,0,0,0,5,0,0,5,5,0,0,0,0,0,0,0,5,0,0,0,0,5,0,0,0,0,0,0,0,5,0,0,5,0,0,0,0,0,0,0,0,0,5,0,0,0,0,0,5,33,
33,5,0,0,0,0,0,0,0,0,5,0,0,5,0,0,0,0,5,5,5,0,0,0,0,5,0,0,0,0,0,5,5,5,5,0,0,0,5,0,0,0,5,0,0,0,0,0,0,0,0,5,0,0,0,0,0,5,33,
33,5,0,0,0,0,0,0,0,0,5,5,5,5,0,0,0,0,0,0,5,0,0,0,0,5,0,0,0,0,0,0,0,0,0,5,0,0,5,0,0,0,5,5,5,5,5,5,5,5,5,5,0,0,0,0,0,5,33,
33,5,0,0,0,0,0,0,0,0,5,0,0,0,0,0,0,0,0,0,5,0,0,0,0,5,5,0,0,0,0,0,0,0,0,5,0,0,5,0,0,0,0,0,0,0,0,0,0,0,0,0,0,0,0,0,0,5,33,
33,5,0,0,0,0,0,0,0,0,5,0,0,0,0,0,0,0,0,0,0,5,0,0,0,0,5,0,0,0,0,0,0,0,0,5,0,0,5,0,0,0,0,0,0,0,0,0,0,0,0,0,0,0,0,0,0,5,33,
33,5,0,0,0,0,0,0,0,0,5,0,0,0,0,0,0,0,0,0,0,5,0,0,0,0,5,0,0,0,0,0,0,0,0,5,0,0,5,0,0,0,0,0,0,0,0,0,0,0,0,0,0,0,0,0,0,5,33,
33,5,0,0,0,0,0,0,0,0,5,0,0,0,5,5,5,5,5,0,0,5,0,0,0,0,5,0,0,0,0,0,0,0,0,5,0,0,5,0,0,5,5,5,5,5,5,0,0,0,0,0,0,0,0,0,0,5,33,
33,5,5,5,5,5,5,0,0,0,5,0,0,0,5,0,0,0,5,0,0,5,0,0,0,0,0,0,0,0,5,0,0,0,0,5,0,0,5,5,5,5,0,0,0,0,0,5,5,5,5,5,5,5,5,5,5,5,33,
33,5,0,0,0,0,0,0,0,0,5,0,0,0,5,0,0,0,5,0,0,5,0,0,0,0,0,0,0,0,5,0,0,0,0,5,0,0,5,0,0,0,0,0,0,0,0,0,0,0,0,0,0,0,0,0,0,5,33,
33,5,0,0,0,0,0,0,0,0,5,0,0,0,5,0,0,0,5,0,0,5,0,0,0,0,0,0,0,0,5,0,0,0,0,5,0,0,0,0,0,0,0,0,0,0,0,0,0,0,0,0,0,0,0,0,0,5,33,
33,5,0,0,0,0,0,0,0,0,5,0,0,0,5,0,0,0,0,0,0,5,0,0,0,0,0,0,0,0,5,0,0,0,0,5,0,0,0,0,0,0,0,0,0,0,0,0,0,0,0,0,0,0,0,0,0,5,33,
33,5,0,0,0,0,0,0,0,0,5,0,0,0,5,0,0,0,0,0,0,5,0,0,0,0,0,0,0,0,5,0,0,0,0,5,0,0,0,0,5,5,5,5,5,5,5,5,5,5,5,0,0,0,0,0,0,5,33,
33,5,0,0,0,5,0,0,0,0,5,0,0,0,5,0,0,0,0,0,0,5,0,0,0,0,0,0,5,5,0,0,0,0,0,0,5,5,5,5,0,0,0,0,0,0,0,0,0,0,0,5,0,0,0,0,0,5,33,
33,5,0,0,0,5,0,0,0,0,5,0,0,0,5,5,0,0,0,0,0,5,0,0,0,0,0,5,0,0,0,0,0,0,0,0,0,0,0,0,0,0,0,0,0,0,0,0,0,0,0,5,0,0,0,0,0,5,33,
33,5,0,0,0,5,0,0,0,0,5,0,0,0,0,0,5,5,5,5,5,0,0,0,0,0,0,5,0,0,0,0,0,0,0,0,0,0,0,0,0,0,0,0,0,0,0,0,0,0,0,5,0,0,0,0,0,5,33,
33,5,0,0,0,5,0,0,0,0,5,0,0,0,0,0,0,0,0,0,0,0,0,0,0,0,0,5,0,0,0,0,0,0,0,0,0,0,0,0,0,0,0,0,0,0,0,0,0,0,0,5,0,0,0,0,0,5,33,
33,5,0,0,0,5,0,0,0,0,5,0,0,0,0,0,0,0,0,0,0,0,0,0,0,0,0,5,0,0,0,0,0,0,0,0,0,0,0,0,0,0,0,0,0,0,0,0,0,0,0,5,0,0,0,0,0,5,33,
33,5,0,0,0,5,0,0,0,0,0,5,0,0,0,0,0,0,0,0,0,0,0,0,0,0,0,5,0,0,0,0,0,0,0,0,0,0,0,0,0,0,0,0,0,0,0,0,0,0,0,5,0,0,0,0,0,5,33,
33,5,0,0,0,5,0,0,0,0,0,5,0,0,0,0,5,0,0,0,0,0,0,0,0,0,0,5,0,0,0,0,0,0,0,5,5,5,5,5,5,5,5,5,5,5,5,5,5,5,5,0,0,0,0,0,0,5,33,
33,5,0,0,0,5,0,0,0,0,0,0,5,5,5,5,0,0,0,0,0,5,0,0,0,0,0,5,0,0,0,0,0,0,0,5,0,0,0,0,0,0,0,0,0,0,0,0,0,0,0,0,0,0,0,0,0,5,33,
33,5,0,0,0,5,0,0,0,0,0,0,0,0,0,0,0,0,0,0,0,5,0,0,0,0,0,5,0,0,0,0,0,0,0,5,0,0,0,0,0,0,0,0,0,0,0,0,0,0,0,0,0,0,0,0,0,5,33,
33,5,5,5,5,0,0,0,0,0,0,0,0,0,0,0,0,0,0,0,0,5,0,0,0,0,0,5,0,0,0,0,0,0,0,5,0,0,0,0,0,0,0,0,0,0,0,0,0,0,0,0,0,0,0,0,0,5,33,
12,0,0,0,0,0,0,0,0,0,0,0,0,0,0,0,0,0,0,0,0,5,0,0,0,0,0,0,5,5,5,5,5,5,5,0,0,0,0,0,0,0,5,5,5,5,5,0,0,0,0,0,0,5,5,5,5,5,33,
12,0,0,0,0,0,0,0,0,0,0,0,0,0,0,0,0,0,0,0,0,5,0,0,0,0,0,0,0,0,0,0,0,0,0,0,0,0,0,0,0,5,0,0,0,0,0,5,0,0,0,0,5,0,0,0,0,5,33,
12,0,0,0,0,0,0,0,0,5,5,5,5,5,5,5,5,0,0,0,0,5,0,0,0,0,0,0,0,0,0,0,0,0,0,0,0,0,0,0,0,5,0,0,0,0,0,5,0,0,0,0,5,0,0,0,0,5,33,
12,0,0,0,0,0,0,0,0,0,0,0,0,0,0,0,0,0,0,0,0,5,5,0,0,0,0,0,0,0,0,0,0,0,0,0,0,0,0,0,0,5,0,0,0,0,0,5,0,0,0,0,5,0,0,0,0,5,33,
33,5,5,5,5,0,0,0,0,0,0,0,0,0,0,0,0,0,0,0,0,0,5,5,5,5,5,5,5,5,5,5,5,5,5,5,0,0,0,0,0,5,0,0,5,5,5,0,0,0,0,0,0,5,5,0,0,5,33,
33,5,0,0,0,0,0,0,0,0,0,0,0,0,0,0,0,0,0,0,0,0,0,0,0,0,0,0,0,0,0,0,0,0,0,5,5,0,0,0,0,5,0,0,0,0,0,0,0,0,0,0,0,0,0,0,0,5,33,
33,5,0,0,0,0,0,0,0,0,0,0,0,0,0,0,0,0,0,0,0,0,0,0,0,0,0,0,0,0,0,0,0,0,0,0,0,0,0,0,0,5,0,0,0,0,0,0,0,0,0,0,0,0,0,0,0,5,33,
33,5,0,0,0,0,0,0,0,0,0,0,0,0,0,0,0,0,0,0,0,0,0,0,0,0,0,0,0,0,0,0,0,0,0,0,0,0,0,0,0,5,0,0,0,0,0,0,0,0,0,0,0,0,0,0,0,5,33,
33,33,5,5,5,5,5,5,5,5,5,5,5,5,5,5,5,5,5,5,5,5,5,5,5,5,5,5,5,5,5,5,5,5,5,5,5,5,5,5,5,5,5,5,5,5,5,5,5,5,5,5,5,5,5,5,5,33,33,
33,33,33,33,33,33,33,33,33,33,33,33,33,33,33,33,33,33,33,33,33,33,33,33,33,33,33,33,33,33,33,33,33,33,33,33,33,33,33,33,33,33,33,33,33,33,33,33,33,33,33,33,33,33,33,33,33,33,33

[Entities]
# star
type=star
location=7,31,1,1

[Entities]
# star
type=star
location=3,17,1,1

[Entities]
# star
type=star
location=19,41,1,1

[Entities]
# star
type=star
location=31,30,1,1

[Entities]
# star
type=star
location=49,37,1,1

[Entities]
# enemy
type=enemy
location=4,37,1,1

[Entities]
# key
type=key
location=29,33,1,1

[Entities]
# player
type=player
location=1,37,1,1

