[header]
width=33
height=91
tilewidth=16
tileheight=16
orientation=orthogonal
background_color=0,0,0,255

[tilesets]
tileset=,32,32,0,0
tileset=,32,32,0,0
tileset=../../hw4 - platformer/NYUCodebase/sprites.png,16,16,0,0

[layer]
type=Tile Layer 1
data=
33,33,33,33,12,12,12,12,12,33,33,33,33,33,33,33,33,33,33,33,33,33,33,33,33,33,33,33,33,33,33,33,33,
33,33,33,33,0,0,0,0,0,36,33,36,36,36,36,36,36,36,36,33,36,36,36,36,36,33,36,36,36,36,36,36,33,
33,33,33,33,0,0,0,0,0,36,36,36,0,0,0,0,0,0,0,0,0,0,0,0,0,0,0,0,0,0,0,36,33,
33,36,5,5,5,5,0,0,0,0,0,0,0,0,0,0,0,0,0,0,0,0,0,0,0,0,0,0,0,0,0,36,33,
33,36,0,0,0,0,0,0,0,0,0,0,0,0,0,0,0,0,0,0,0,0,0,0,0,0,0,0,0,0,0,36,33,
33,36,0,0,97,98,0,0,0,0,0,0,0,0,0,0,0,0,0,0,0,0,0,0,0,0,0,0,0,0,0,33,33,
33,36,0,0,0,0,0,0,0,0,0,0,0,0,0,0,116,0,0,18,0,113,0,0,0,0,0,0,0,0,0,36,33,
33,36,0,0,0,0,0,19,19,18,101,101,101,0,0,0,0,0,18,34,0,0,0,0,18,18,18,18,18,0,0,36,33,
33,36,0,0,0,0,0,34,34,34,34,34,34,0,0,0,0,18,34,34,0,0,0,0,34,34,34,34,34,0,0,36,33,
33,36,0,0,0,0,0,34,34,34,34,34,34,0,0,0,0,0,0,0,0,0,0,0,0,0,0,0,0,0,0,36,33,
33,36,0,0,0,0,0,0,0,0,0,0,0,0,0,0,0,0,0,0,0,0,0,0,0,0,0,0,0,0,0,36,33,
33,36,0,0,0,0,0,0,0,0,0,0,0,0,0,0,0,0,0,0,0,0,0,0,0,97,98,0,0,0,0,33,33,
33,36,18,18,0,0,0,0,0,0,0,0,0,0,0,0,0,18,18,18,18,18,18,0,0,0,0,0,0,0,0,36,33,
33,36,34,34,2,2,0,0,0,0,114,115,0,0,5,0,0,34,34,34,34,34,34,0,0,0,0,0,0,0,0,36,33,
33,36,0,0,0,0,0,0,0,0,0,0,5,5,5,0,0,0,0,0,0,0,0,0,0,0,0,0,0,0,0,36,33,
33,36,0,0,0,0,0,0,0,0,0,0,0,0,0,0,0,0,0,0,0,0,0,0,0,0,0,0,0,33,33,33,33,
33,36,0,0,0,0,0,0,0,0,0,0,0,0,0,0,0,0,0,0,113,0,0,0,5,5,0,0,33,33,33,36,33,
33,36,0,0,0,0,18,18,101,101,101,18,18,0,0,0,116,0,0,0,0,0,0,0,0,0,0,0,33,33,36,36,33,
33,36,0,0,0,0,34,34,34,34,34,34,34,0,0,0,0,0,0,0,0,0,0,0,0,0,0,33,33,33,36,36,33,
33,36,0,0,0,0,0,0,0,0,0,0,0,0,0,0,0,0,0,0,0,0,0,0,0,0,36,36,33,36,36,36,33,
33,36,33,0,0,0,0,0,0,0,0,0,0,0,0,0,0,0,33,36,0,0,0,0,18,18,33,33,36,36,33,36,33,
33,36,33,33,0,0,0,0,0,0,0,113,0,0,0,0,0,0,33,36,0,0,0,0,0,0,36,33,36,36,36,36,33,
33,36,36,33,33,33,33,0,0,0,0,0,0,0,0,0,0,0,33,36,0,0,0,0,0,0,36,36,36,33,36,36,33,
33,36,36,36,36,36,33,101,101,101,0,0,0,0,0,0,0,0,33,33,0,0,0,0,0,0,36,36,36,36,36,36,33,
33,36,33,36,33,36,36,36,33,33,0,0,0,0,0,0,0,0,33,36,18,18,18,0,0,0,36,33,36,36,36,36,33,
33,33,33,33,33,33,36,36,36,33,33,33,33,33,33,33,33,33,33,36,0,0,0,0,0,0,36,36,36,36,33,36,33,
33,36,36,36,36,36,33,36,36,36,36,36,36,36,33,36,36,36,36,36,0,0,0,0,0,33,36,36,36,36,36,36,33,
33,36,0,0,0,0,0,0,0,0,0,0,0,0,0,0,0,0,0,0,0,0,0,0,0,33,33,36,33,36,33,36,33,
33,36,0,0,0,0,0,0,0,0,0,0,0,0,0,0,0,0,0,0,0,0,97,98,98,0,33,36,36,36,33,36,33,
33,36,0,0,0,0,0,0,0,0,7,7,7,7,7,0,0,0,0,0,0,0,0,0,0,0,0,36,33,36,33,36,33,
33,36,0,0,114,115,0,0,0,0,7,0,0,0,7,0,0,6,6,0,0,0,0,0,0,0,0,0,0,0,0,36,33,
33,36,0,0,0,0,0,0,0,0,7,0,7,0,7,0,0,6,6,0,0,0,7,7,7,0,0,0,0,0,0,36,33,
33,36,0,0,7,7,0,0,0,0,7,0,7,0,7,0,0,0,114,115,0,0,0,0,0,0,0,0,0,0,0,36,33,
33,36,0,0,7,7,0,0,0,0,7,0,0,0,7,0,0,0,0,0,0,0,0,0,0,0,0,0,0,0,0,36,33,
33,36,0,0,0,0,0,116,0,0,7,7,7,7,7,0,0,0,0,113,0,0,0,0,0,2,2,2,2,2,2,36,33,
33,36,0,0,0,0,0,0,0,0,0,0,0,0,0,0,0,0,0,0,0,0,116,0,0,34,34,34,34,34,34,36,33,
33,36,0,0,0,0,0,0,0,0,0,0,0,0,0,0,0,0,0,0,0,0,7,7,0,34,34,34,34,34,33,36,33,
33,36,101,101,101,101,101,101,0,0,0,0,0,0,0,0,0,0,0,0,0,7,7,0,0,34,34,33,4,34,34,36,33,
33,36,35,35,35,35,35,34,0,0,0,0,0,0,0,97,98,0,0,0,0,0,0,0,0,34,34,34,34,34,34,36,33,
33,36,35,5,35,5,35,34,0,0,0,0,0,0,0,0,0,0,0,0,0,0,0,0,0,34,34,34,34,34,34,36,33,
33,36,35,35,35,35,35,34,0,0,0,8,8,8,0,0,0,0,2,2,2,2,101,101,101,34,34,34,34,34,34,36,33,
33,36,35,35,35,35,35,34,0,0,0,8,8,8,0,0,0,0,34,34,34,34,34,34,34,34,34,34,33,34,34,36,33,
33,36,0,0,0,0,0,0,0,0,0,8,8,8,0,0,0,0,34,34,4,34,34,34,34,4,34,34,34,34,34,36,33,
33,36,0,0,0,0,0,0,0,0,0,8,8,8,0,0,0,0,34,34,34,34,34,33,34,33,34,34,34,34,34,36,33,
33,36,0,0,0,0,0,0,0,0,0,8,8,8,0,0,0,0,34,34,33,34,34,34,34,34,34,34,34,34,34,36,33,
33,36,0,0,5,5,5,5,5,0,0,0,0,0,0,0,18,18,34,34,34,34,34,34,34,34,34,34,4,34,34,36,33,
33,36,0,0,5,0,0,0,5,0,0,0,0,0,0,0,0,0,0,0,0,0,0,0,0,0,34,34,34,34,34,36,33,
33,36,0,0,5,0,5,0,5,0,0,0,0,0,0,0,0,0,0,0,0,0,0,0,0,0,0,34,34,34,34,36,33,
33,36,0,0,5,0,0,0,5,0,18,18,0,0,0,0,113,0,0,0,0,0,0,0,0,0,0,34,34,34,34,36,33,
33,36,0,0,5,5,5,5,5,0,0,0,0,0,0,0,0,0,0,0,0,0,0,0,0,0,0,34,33,34,34,36,33,
33,36,0,0,0,0,0,0,0,0,0,0,0,18,18,18,18,0,0,0,18,2,2,18,0,0,0,34,34,34,34,36,33,
33,36,0,0,0,0,0,97,98,0,0,0,0,0,0,0,0,0,0,0,35,34,34,34,0,0,0,34,34,34,34,36,33,
33,36,0,0,0,0,0,0,0,0,0,0,0,0,0,0,116,0,0,0,35,34,34,34,0,0,0,34,33,34,34,36,33,
33,36,0,0,0,0,18,2,2,2,18,0,0,0,0,0,0,0,0,0,35,34,34,34,0,0,0,0,34,34,34,36,33,
33,36,0,0,0,0,34,34,34,34,35,0,0,0,0,0,0,0,18,2,34,34,34,0,0,0,0,0,0,0,0,36,33,
33,36,0,0,0,0,35,34,34,34,35,0,0,0,0,0,0,0,35,34,10,34,34,0,0,0,0,0,0,0,0,36,33,
33,36,0,0,0,0,35,34,10,34,35,0,0,0,0,0,0,0,35,34,34,34,34,0,0,0,0,0,0,0,0,36,33,
33,36,19,19,0,0,35,34,34,34,35,101,101,101,101,101,101,101,34,34,34,34,34,2,2,18,0,0,0,0,0,36,33,
33,36,0,0,0,0,35,34,34,34,34,34,34,34,34,34,34,34,34,34,34,34,34,34,34,34,0,0,0,0,0,36,33,
33,36,0,0,0,0,35,34,34,8,34,33,34,34,34,34,33,34,34,8,34,34,34,34,34,34,0,0,0,18,18,36,33,
33,36,0,0,0,0,35,34,34,34,34,34,34,34,8,34,34,34,34,34,34,34,33,34,0,0,0,0,0,0,0,36,33,
33,36,0,0,0,0,35,34,34,34,34,34,34,34,34,34,34,34,34,34,34,34,34,34,0,0,0,116,0,0,0,36,33,
33,36,0,0,19,19,35,34,33,34,8,34,34,10,34,34,34,34,0,0,0,0,0,0,0,0,0,0,0,0,0,36,33,
33,36,0,0,0,0,35,34,34,34,34,34,34,34,34,34,34,34,0,0,0,0,0,0,0,0,0,0,0,0,0,36,33,
33,36,0,0,0,0,34,34,34,34,34,34,34,34,34,34,34,0,0,0,0,0,0,0,0,0,0,0,19,19,19,36,33,
33,36,0,0,0,0,0,0,0,0,0,0,0,0,0,0,0,0,0,0,0,0,0,0,0,0,0,0,35,34,34,36,33,
33,36,0,0,0,0,0,0,0,0,0,0,0,0,0,0,0,0,0,0,114,115,0,0,0,0,0,0,35,34,34,33,33,
33,36,0,0,113,0,0,0,0,116,0,0,0,0,0,0,0,0,0,0,0,0,0,0,0,0,0,0,35,34,36,33,33,
33,36,0,0,0,0,0,0,0,0,0,0,0,0,0,0,0,0,0,0,0,0,0,0,101,101,19,19,35,34,36,33,33,
33,36,19,19,0,97,98,0,0,0,0,0,0,7,7,7,7,0,0,0,0,0,0,0,34,34,34,34,34,34,34,33,33,
33,36,0,0,0,0,0,0,0,0,0,0,0,7,7,7,7,0,0,0,113,0,0,0,35,34,34,34,34,10,34,36,33,
33,36,0,0,0,0,0,0,0,0,0,0,0,7,7,7,7,0,0,0,0,0,0,0,35,34,5,34,34,34,34,36,33,
33,36,0,0,0,0,0,0,0,0,113,0,0,7,7,7,7,0,0,0,0,0,0,0,35,34,34,34,34,34,34,36,33,
33,36,0,0,0,0,0,0,0,0,0,0,0,0,0,0,0,0,0,0,18,19,19,34,34,34,34,5,34,34,34,36,33,
33,36,0,0,0,0,0,0,0,0,0,0,0,0,0,0,0,0,0,0,34,34,34,34,34,34,34,34,34,34,36,33,33,
33,36,0,0,0,5,5,5,5,5,5,5,0,0,0,116,0,0,0,0,34,10,34,34,34,34,34,34,34,34,36,33,33,
33,36,0,0,0,5,5,5,5,5,5,5,0,0,0,0,0,0,0,0,34,34,34,34,18,34,23,34,8,34,36,33,33,
33,36,0,0,0,5,5,0,0,0,5,5,0,0,0,0,0,0,0,0,34,34,34,34,34,34,34,34,34,34,36,33,33,
33,36,0,0,0,5,5,0,5,0,5,5,0,0,0,0,0,18,18,34,34,34,34,34,34,34,34,34,34,34,36,33,33,
33,36,0,0,0,5,5,0,0,0,5,5,0,0,0,0,0,34,34,34,34,34,5,34,34,34,34,34,34,34,36,33,33,
33,36,0,0,0,5,5,5,5,5,5,5,0,0,0,0,0,34,34,34,34,34,34,34,8,34,18,34,34,34,36,33,33,
33,36,0,0,0,5,5,5,5,5,5,5,0,0,0,0,0,34,34,34,18,34,34,34,34,34,34,34,34,34,36,33,33,
33,36,0,0,0,0,0,0,0,0,0,0,0,0,0,0,0,34,5,34,34,34,34,34,34,34,34,10,34,34,36,33,33,
33,36,0,0,0,0,0,0,0,0,0,0,0,0,0,0,0,34,34,34,34,34,34,34,34,5,34,34,34,34,36,33,33,
33,36,0,0,0,0,0,0,113,0,0,0,0,0,18,18,18,34,34,34,23,34,18,34,34,34,34,34,34,34,36,33,33,
33,36,0,0,0,97,98,0,0,0,0,0,0,0,34,34,34,34,34,34,34,34,34,34,34,34,34,34,34,34,36,33,33,
33,36,0,0,0,0,0,0,0,0,0,0,0,0,34,5,34,34,34,34,34,34,34,34,34,34,34,18,34,34,36,33,33,
33,36,0,0,0,0,0,0,0,0,114,115,0,0,34,34,34,34,34,18,34,34,34,34,34,23,34,34,34,34,36,33,33,
33,36,0,0,0,0,0,0,0,0,0,0,0,0,34,34,34,23,34,5,34,34,34,34,18,34,34,34,34,34,36,33,33,
33,36,18,18,18,18,18,18,18,18,18,18,18,18,34,34,34,34,34,34,34,34,34,34,34,34,34,34,5,34,36,33,33,
33,33,34,34,34,34,34,34,34,34,34,34,34,34,34,34,34,34,34,34,34,34,34,34,34,34,34,34,34,34,36,36,36

[Entities]
# key
type=key
location=14,80,1,1

[Entities]
# star
type=star
location=9,52,1,1

[Entities]
# star
type=star
location=12,37,1,1

[Entities]
# star
type=star
location=19,4,1,1

[Entities]
# star
type=star
location=9,73,1,1

[Entities]
# star
type=star
location=24,56,1,1

[Entities]
# enemy
type=enemy
location=4,83,1,1

[Entities]
# player
type=player
location=10,83,1,1

