[header]
width=59
height=45
tilewidth=16
tileheight=16
orientation=orthogonal
background_color=0,0,0,255

[tilesets]
tileset=../../hw4 - platformer/NYUCodebase/sprites.png,16,16,0,0

[layer]
type=Tile Layer 1
data=
33,33,33,33,33,33,33,33,33,33,33,33,33,33,33,33,33,33,33,33,33,33,33,33,33,33,33,33,33,33,33,33,33,33,33,33,33,33,33,33,33,33,33,33,33,33,33,12,12,12,12,33,33,33,33,33,33,33,33,
33,33,5,5,5,5,5,5,5,5,5,5,5,5,5,5,5,5,5,5,5,5,5,5,5,5,5,5,5,5,5,5,5,5,5,5,5,5,5,5,5,5,5,5,5,5,5,0,0,0,0,5,5,5,5,5,5,33,33,
33,5,0,0,0,0,0,0,0,0,0,0,0,0,0,0,0,0,0,0,0,5,0,0,0,0,0,0,0,0,0,0,0,0,0,0,0,0,0,0,0,0,0,0,0,0,5,0,0,0,0,5,0,0,0,0,0,5,33,
33,5,0,0,0,0,0,0,0,0,0,0,0,0,0,0,0,0,0,0,0,5,0,0,0,0,0,0,0,0,0,0,0,0,0,0,0,0,0,0,0,0,0,0,0,0,5,0,0,0,0,5,0,0,0,0,0,5,33,
33,5,0,0,0,0,0,0,0,0,0,0,0,0,0,0,0,0,0,0,0,5,0,0,0,0,0,0,0,0,0,5,5,5,5,5,5,5,5,5,0,0,0,0,0,0,5,0,0,0,0,5,0,0,0,0,0,5,33,
33,5,0,0,0,0,0,0,5,5,5,5,5,0,0,0,0,5,5,5,5,5,5,5,0,0,0,0,0,0,5,0,0,0,0,0,0,0,0,0,5,0,0,0,0,0,5,0,0,0,0,5,0,0,0,0,0,5,33,
33,5,0,0,0,0,5,5,5,0,0,0,0,5,0,0,5,0,0,0,0,0,0,0,5,0,0,0,0,0,5,0,0,0,0,0,0,0,0,0,5,0,0,0,0,0,5,0,0,0,0,5,5,5,5,5,5,5,33,
33,5,0,0,0,0,5,0,0,0,0,0,0,5,0,0,5,0,0,0,0,0,0,0,5,0,0,0,0,0,5,0,0,0,0,0,0,0,0,0,5,5,0,0,0,0,5,0,0,0,0,0,0,0,0,0,0,5,33,
33,5,0,0,0,0,5,0,0,0,0,0,0,5,0,0,5,0,0,0,0,0,0,0,5,0,0,0,0,0,5,0,0,0,5,5,5,5,0,0,0,5,0,0,0,0,5,0,0,0,0,0,0,0,0,0,0,5,33,
33,5,0,0,0,0,5,5,5,5,0,0,0,5,0,0,5,0,0,0,0,0,0,0,5,0,0,0,0,0,5,0,0,0,5,0,0,5,0,0,0,5,0,0,0,0,5,0,0,0,0,0,0,0,0,0,0,5,33,
33,5,0,0,0,0,5,0,0,0,0,0,0,5,0,0,5,0,0,0,0,0,0,0,0,5,0,0,0,0,5,0,0,0,5,5,5,5,0,0,0,5,0,0,0,0,5,0,0,0,0,0,0,0,0,0,0,5,33,
33,5,0,0,0,0,5,0,0,0,0,0,0,5,0,0,5,0,0,0,0,0,0,0,0,5,0,0,0,0,5,0,0,0,0,0,0,0,0,0,0,5,0,0,0,0,5,5,5,5,5,5,0,0,0,0,0,5,33,
33,5,0,0,0,0,5,0,0,0,0,0,0,5,0,0,5,0,0,0,0,0,0,0,0,5,0,0,0,0,5,0,0,0,0,0,0,0,0,0,0,5,0,0,0,0,0,0,0,0,0,5,0,0,0,0,0,5,33,
33,5,0,0,0,0,5,0,0,0,0,0,0,5,0,0,5,5,0,0,0,0,0,0,0,5,0,0,0,0,5,0,0,0,0,0,0,0,5,0,0,5,0,0,0,0,0,0,0,0,0,5,0,0,0,0,0,5,33,
33,5,0,0,0,0,0,0,0,0,5,0,0,5,0,0,0,0,5,5,5,0,0,0,0,5,0,0,0,0,0,5,5,5,5,0,0,0,5,0,0,0,5,0,0,0,0,0,0,0,0,5,0,0,0,0,0,5,33,
33,5,0,0,0,0,0,0,0,0,5,5,5,5,0,0,0,0,0,0,5,0,0,0,0,5,0,0,0,0,0,0,0,0,0,5,0,0,5,0,0,0,5,5,5,5,5,5,5,5,5,5,0,0,0,0,0,5,33,
33,5,0,0,0,0,0,0,0,0,5,0,0,0,0,0,0,0,0,0,5,0,0,0,0,5,5,0,0,0,0,0,0,0,0,5,0,0,5,0,0,0,0,0,0,0,0,0,0,0,0,0,0,0,0,0,0,5,33,
33,5,0,0,0,0,0,0,0,0,5,0,0,0,0,0,0,0,0,0,0,5,0,0,0,0,5,0,0,0,0,0,0,0,0,5,0,0,5,0,0,0,0,0,0,0,0,0,0,0,0,0,0,0,0,0,0,5,33,
33,5,0,0,0,0,0,0,0,0,5,0,0,0,0,0,0,0,0,0,0,5,0,0,0,0,5,0,0,0,0,0,0,0,0,5,0,0,5,0,0,0,0,0,0,0,0,0,0,0,0,0,0,0,0,0,0,5,33,
33,5,0,0,0,0,0,0,0,0,5,0,0,0,5,5,5,5,5,0,0,5,0,0,0,0,5,5,5,0,0,0,0,0,0,5,0,0,5,0,0,5,5,5,5,5,5,0,0,0,0,0,0,0,0,0,0,5,33,
33,5,5,5,5,5,5,0,0,0,5,0,0,0,5,0,0,0,5,0,0,5,0,0,0,0,0,0,0,5,5,0,0,0,0,5,0,0,5,5,5,5,0,0,0,0,0,5,5,5,5,5,5,5,5,5,5,5,33,
33,5,0,0,0,0,0,0,0,0,5,0,0,0,5,0,0,0,5,0,0,5,0,0,0,0,0,0,0,0,5,0,0,0,0,5,0,0,5,0,0,0,0,0,0,0,0,0,0,0,0,0,0,0,0,0,0,5,33,
33,5,0,0,0,0,0,0,0,0,5,0,0,0,5,0,0,0,5,0,0,5,0,0,0,0,0,0,0,0,5,0,0,0,0,5,0,0,0,0,0,0,0,0,0,0,0,0,0,0,0,0,0,0,0,0,0,5,33,
33,5,0,0,0,0,0,0,0,0,5,0,0,0,5,0,0,0,0,0,0,5,0,0,0,0,0,0,0,0,5,0,0,0,0,5,0,0,0,0,0,0,0,0,0,0,0,0,0,0,0,0,0,0,0,0,0,5,33,
33,5,0,0,0,0,0,0,0,0,5,0,0,0,5,0,0,0,0,0,0,5,0,0,0,0,0,0,0,0,5,0,0,0,0,5,0,0,0,0,5,5,5,5,5,5,5,5,5,5,5,0,0,0,0,0,0,5,33,
33,5,0,0,0,5,0,0,0,0,5,0,0,0,5,0,0,0,0,0,0,5,0,0,0,0,0,0,5,5,0,0,0,0,0,0,5,5,5,5,0,0,0,0,0,0,0,0,0,0,0,5,0,0,0,0,0,5,33,
33,5,0,0,0,5,0,0,0,0,5,0,0,0,5,5,0,0,0,0,0,5,0,0,0,0,0,5,0,0,0,0,0,0,0,0,0,0,0,0,0,0,0,0,0,0,0,0,0,0,0,5,0,0,0,0,0,5,33,
33,5,0,0,0,5,0,0,0,0,5,0,0,0,0,0,5,5,5,5,5,0,0,0,0,0,0,5,0,0,0,0,0,0,0,0,0,0,0,0,0,0,0,0,0,0,0,0,0,0,0,5,0,0,0,0,0,5,33,
33,5,0,0,0,5,0,0,0,0,5,0,0,0,0,0,0,0,0,0,0,0,0,0,0,0,0,5,0,0,0,0,0,0,0,0,0,0,0,0,0,0,0,0,0,0,0,0,0,0,0,5,0,0,0,0,0,5,33,
33,5,0,0,0,5,0,0,0,0,5,0,0,0,0,0,0,0,0,0,0,0,0,0,0,0,0,5,0,0,0,0,0,0,0,0,0,0,0,0,0,0,0,0,0,0,0,0,0,0,0,5,0,0,0,0,0,5,33,
33,5,0,0,0,5,0,0,0,0,0,5,0,0,0,0,0,0,0,0,0,0,0,0,0,0,0,5,0,0,0,0,0,0,0,0,0,0,0,0,0,0,0,0,0,0,0,0,0,0,0,5,0,0,0,0,0,5,33,
33,5,0,0,0,5,0,0,0,0,0,5,0,0,0,0,5,0,0,0,0,0,0,0,0,0,0,5,0,0,0,0,0,0,0,5,5,5,5,5,5,5,5,5,5,5,5,5,5,5,5,0,0,0,0,0,0,5,33,
33,5,0,0,0,5,0,0,0,0,0,0,5,5,5,5,0,0,0,0,0,5,0,0,0,0,0,5,0,0,0,0,0,0,0,5,0,0,0,0,0,0,0,0,0,0,0,0,0,0,0,0,0,0,0,0,0,5,33,
33,5,0,0,0,5,0,0,0,0,0,0,0,0,0,0,0,0,0,0,0,5,0,0,0,0,0,5,0,0,0,0,0,0,0,5,0,0,0,0,0,0,0,0,0,0,0,0,0,0,0,0,0,0,0,0,0,5,33,
33,5,5,5,5,0,0,0,0,0,0,0,0,0,0,0,0,0,0,0,0,5,0,0,0,0,0,5,0,0,0,0,0,0,0,5,0,0,0,0,0,0,0,0,0,0,0,0,0,0,0,0,0,0,0,0,0,5,33,
12,0,0,0,0,0,0,0,0,0,0,0,0,0,0,0,0,0,0,0,0,5,0,0,0,0,0,0,5,5,5,5,5,5,5,0,0,0,0,0,0,0,5,5,5,5,5,0,0,0,0,0,0,5,5,5,5,5,33,
12,0,0,0,0,0,0,0,0,0,0,0,0,0,0,0,0,0,0,0,0,5,0,0,0,0,0,0,0,0,0,0,0,0,0,0,0,0,0,0,0,5,0,0,0,0,0,5,0,0,0,0,5,0,0,0,0,5,33,
12,0,0,0,0,0,0,0,0,5,5,5,5,5,5,5,5,0,0,0,0,5,0,0,0,0,0,0,0,0,0,0,0,0,0,0,0,0,0,0,0,5,0,0,0,0,0,5,0,0,0,0,5,0,0,0,0,5,33,
12,0,0,0,0,0,0,0,0,0,0,0,0,0,0,0,0,0,0,0,0,5,5,0,0,0,0,0,0,0,0,0,0,0,0,0,0,0,0,0,0,5,0,0,0,0,0,5,0,0,0,0,5,0,0,0,0,5,33,
33,5,5,5,5,0,0,0,0,0,0,0,0,0,0,0,0,0,0,0,0,0,5,5,5,5,5,5,5,5,5,5,5,5,5,5,0,0,0,0,0,5,0,0,5,5,5,0,0,0,0,0,0,5,5,0,0,5,33,
33,5,0,0,0,0,0,0,0,0,0,0,0,0,0,0,0,0,0,0,0,0,0,0,0,0,0,0,0,0,0,0,0,0,0,5,5,0,0,0,0,5,0,0,0,0,0,0,0,0,0,0,0,0,0,0,0,5,33,
33,5,0,0,0,0,0,0,0,0,0,0,0,0,0,0,0,0,0,0,0,0,0,0,0,0,0,0,0,0,0,0,0,0,0,0,0,0,0,0,0,5,0,0,0,0,0,0,0,0,0,0,0,0,0,0,0,5,33,
33,5,0,0,0,0,0,0,0,0,0,0,0,0,0,0,0,0,0,0,0,0,0,0,0,0,0,0,0,0,0,0,0,0,0,0,0,0,0,0,0,5,0,0,0,0,0,0,0,0,0,0,0,0,0,0,0,5,33,
33,33,5,5,5,5,5,5,5,5,5,5,5,5,5,5,5,5,5,5,5,5,5,5,5,5,5,5,5,5,5,5,5,5,5,5,5,5,5,5,5,5,5,5,5,5,5,5,5,5,5,5,5,5,5,5,5,33,33,
33,33,33,33,33,33,33,33,33,33,33,33,33,33,33,33,33,33,33,33,33,33,33,33,33,33,33,33,33,33,33,33,33,33,33,33,33,33,33,33,33,33,33,33,33,33,33,33,33,33,33,33,33,33,33,33,33,33,33

[Entities]
# star
type=star
location=7,31,1,1

[Entities]
# star
type=star
location=3,17,1,1

[Entities]
# star
type=star
location=16,22,1,1

[Entities]
# star
type=star
location=31,30,1,1

[Entities]
# star
type=star
location=49,37,1,1

[Entities]
# enemy2
type=enemy
location=8,41,1,1

[Entities]
# enemy1
type=enemy
location=3,4,1,1

[Entities]
# enemy3
type=enemy
location=54,24,1,1

[Entities]
# enemy5
type=enemy
location=32,6,1,1

[Entities]
# enemy4
type=enemy
location=22,12,1,1

[Entities]
# enemy6
type=enemy
location=54,9,1,1

[Entities]
# key
type=key
location=48,1,1,1

[Entities]
# player
type=player
location=1,37,1,1

