[header]
width=49
height=69
tilewidth=16
tileheight=16
orientation=orthogonal
background_color=0,0,0,255

[tilesets]
tileset=../../hw4 - platformer/NYUCodebase/sprites.png,16,16,0,0
tileset=../../../../Downloads/color.png,16,16,0,0

[layer]
type=Tile Layer 1
data=
33,33,33,33,33,33,33,33,12,12,12,12,12,12,33,33,33,33,33,33,33,33,33,33,33,33,33,33,33,33,33,33,33,33,33,33,33,33,33,33,33,33,33,33,33,33,33,33,33,
33,36,36,36,36,36,36,36,0,0,0,0,0,0,36,36,36,36,36,36,36,36,36,36,36,36,36,36,36,36,36,36,36,36,36,36,36,36,36,36,36,36,36,36,36,36,36,36,33,
33,36,0,0,0,0,0,0,0,0,0,0,0,0,0,0,0,0,0,0,0,0,0,0,0,0,0,0,0,0,0,0,0,0,0,0,0,0,0,0,0,0,0,0,0,0,0,36,33,
33,36,0,0,0,0,0,0,0,0,0,0,0,0,0,0,0,0,0,0,0,0,0,0,0,0,0,0,0,0,0,0,0,0,0,0,0,0,0,0,0,0,0,0,0,0,0,36,33,
33,36,0,0,0,0,0,0,0,0,0,0,0,0,0,0,0,0,0,0,0,0,0,0,0,0,0,0,0,0,0,0,0,0,0,0,0,0,0,114,115,0,0,0,0,0,0,36,33,
33,36,0,0,0,0,113,0,0,0,0,0,0,0,0,0,0,0,0,0,0,0,0,0,0,0,0,0,0,0,0,0,0,0,0,0,0,0,0,0,0,0,0,0,0,0,0,36,33,
33,36,0,0,0,0,0,0,97,98,0,0,0,18,18,18,18,0,0,114,115,0,0,0,0,0,0,0,0,0,18,18,18,18,18,18,18,18,18,18,18,18,0,0,0,0,0,36,33,
33,36,0,0,0,0,0,0,0,0,0,0,0,34,34,33,34,0,0,0,0,0,113,0,0,0,0,0,0,0,34,34,34,34,34,34,34,34,34,34,34,34,0,0,0,0,0,36,33,
33,36,0,0,0,0,0,0,0,0,0,0,0,34,34,34,34,0,0,0,0,0,0,0,0,97,98,0,0,0,34,34,0,0,0,34,34,34,0,0,0,0,0,0,0,0,0,36,33,
33,36,0,0,0,0,0,0,0,0,0,0,0,0,0,0,0,0,0,0,0,0,0,0,0,0,0,0,0,0,34,34,0,0,0,34,33,34,0,0,0,0,0,97,98,0,0,36,33,
33,36,101,101,0,0,0,0,0,0,0,0,0,0,0,0,0,0,0,0,0,0,0,0,0,0,0,0,0,0,34,34,0,0,0,34,34,34,0,0,0,0,0,0,0,0,0,36,33,
33,36,34,34,18,18,18,0,0,0,0,0,0,0,0,0,0,0,0,0,0,0,0,0,0,0,0,0,0,0,34,34,0,0,0,0,0,0,0,0,0,0,0,0,0,0,0,36,33,
33,36,34,34,34,34,34,0,0,0,0,0,0,0,0,0,0,0,0,0,0,18,18,18,18,0,0,0,0,0,34,34,0,0,0,0,0,0,0,0,0,101,101,101,0,0,0,36,33,
33,36,0,0,0,0,0,0,0,0,0,0,0,0,0,0,0,0,0,0,0,34,34,34,34,0,0,0,0,0,34,34,0,0,0,0,97,98,0,0,0,34,34,34,0,0,0,36,33,
33,36,0,0,0,0,0,0,0,0,0,0,0,0,0,0,0,0,0,0,0,0,0,0,0,0,0,0,0,0,34,34,0,0,0,0,0,0,0,0,0,34,34,34,0,0,0,36,33,
33,36,0,0,0,0,0,0,0,0,0,0,0,0,0,0,0,0,0,0,0,0,0,0,0,0,0,0,0,0,34,34,0,0,0,0,0,0,0,0,0,0,0,0,0,0,0,36,33,
33,36,0,0,0,0,113,0,0,0,0,0,0,0,0,0,0,0,0,0,97,98,0,0,0,0,0,0,0,0,34,34,0,0,0,0,0,0,0,0,0,0,0,0,0,0,0,36,33,
33,36,0,0,0,0,0,0,18,18,18,18,18,18,18,0,0,0,0,0,0,0,0,0,0,0,0,116,0,0,34,34,18,18,18,18,18,18,18,0,0,0,0,0,0,0,0,36,33,
33,36,0,114,115,0,0,0,34,33,34,34,34,33,34,0,0,0,0,0,0,0,0,0,0,0,0,0,0,0,34,34,34,34,34,34,34,34,34,0,0,0,0,0,0,0,0,36,33,
5,36,0,0,0,0,0,0,34,34,34,34,34,34,34,0,0,0,0,0,0,0,0,0,0,0,0,0,0,0,34,33,34,34,34,33,34,34,34,0,0,0,0,0,0,0,0,36,33,
33,5,0,0,0,0,0,0,0,0,0,0,0,0,0,0,0,0,0,0,0,0,101,101,0,0,0,0,0,0,34,34,34,34,34,34,34,34,34,0,0,0,0,0,0,0,0,36,33,
33,36,0,0,0,0,0,0,0,0,0,0,0,0,0,0,0,0,0,0,18,18,34,34,18,18,18,18,18,18,34,34,34,34,34,34,34,33,34,18,18,18,18,18,18,18,18,36,33,
33,36,0,0,0,0,0,0,0,0,0,0,0,0,0,0,0,0,0,0,34,34,34,34,34,34,34,34,34,34,34,34,34,34,34,34,34,34,34,34,34,34,34,34,34,34,34,36,33,
33,36,101,101,0,0,0,0,0,0,0,0,0,0,0,116,0,0,0,0,34,34,4,4,4,4,4,4,4,4,4,4,4,4,4,4,4,4,4,4,4,4,4,4,4,4,4,5,33,
33,36,34,34,18,18,18,18,0,0,0,0,0,0,0,0,0,0,0,0,34,34,0,0,0,0,0,0,0,0,0,0,0,0,0,0,0,0,0,0,0,0,0,0,0,0,0,5,33,
33,36,34,34,34,34,34,34,0,0,0,97,98,0,0,0,0,0,0,0,34,34,0,0,0,0,0,0,0,0,0,0,0,0,0,0,0,0,0,0,0,0,0,0,0,0,0,36,33,
33,36,34,33,34,34,34,34,0,0,0,0,0,0,0,0,0,0,0,0,34,34,0,0,0,0,0,0,0,0,0,0,0,0,116,0,0,0,0,0,0,0,0,0,0,0,0,36,33,
33,36,34,34,33,34,34,34,0,0,0,0,0,0,0,0,0,0,0,0,34,34,0,0,0,0,0,114,115,0,0,0,0,0,0,0,0,0,0,0,0,0,0,0,0,0,0,36,33,
33,36,34,34,34,34,34,34,0,0,0,0,0,0,0,0,0,0,0,0,34,34,0,0,0,0,0,0,0,0,0,0,0,0,0,0,0,0,0,0,0,114,115,0,0,0,0,36,33,
33,36,34,34,34,34,34,34,0,0,0,0,0,0,0,18,18,18,18,18,34,34,0,97,98,0,0,0,0,0,0,0,0,0,0,0,0,0,0,0,0,0,0,0,0,0,0,36,33,
33,36,0,0,0,0,0,0,0,0,0,0,0,0,0,34,34,34,34,34,34,34,0,0,0,0,0,0,0,0,0,18,18,18,18,18,18,0,0,113,0,0,0,0,0,0,0,36,33,
33,36,0,0,0,0,0,0,0,0,0,0,0,0,0,34,34,34,34,34,34,34,0,0,0,0,0,0,0,0,0,34,34,34,34,34,34,0,0,0,0,0,0,0,0,0,0,36,33,
33,36,0,0,0,0,0,0,0,0,0,0,0,0,0,0,0,34,34,34,34,34,0,0,0,0,0,0,0,0,0,34,33,34,34,34,34,0,0,0,0,0,0,0,0,0,0,36,33,
33,36,0,113,0,0,0,0,0,0,0,101,101,0,0,0,0,0,0,0,34,34,101,101,101,0,0,0,0,0,0,34,34,34,34,34,34,0,0,0,0,0,0,0,116,0,0,5,33,
33,36,0,0,0,0,0,0,0,18,18,34,34,0,0,0,0,0,0,0,34,34,34,34,34,18,18,18,18,18,18,34,34,34,33,34,34,0,97,98,0,0,0,0,0,0,0,36,33,
33,36,0,0,97,98,0,0,0,34,34,34,34,0,0,114,115,0,0,0,34,34,34,34,34,34,34,34,34,34,34,34,34,34,34,34,34,0,0,0,0,0,0,0,0,0,0,36,33,
33,36,0,0,0,0,0,0,0,34,34,34,34,0,0,0,0,0,0,0,34,34,34,34,34,34,34,34,34,34,34,34,34,34,34,34,34,0,0,0,0,0,0,0,0,0,0,36,33,
36,36,0,0,0,0,0,0,0,34,34,34,34,0,0,0,0,0,0,0,34,34,34,34,34,34,0,0,0,0,0,0,0,0,0,0,0,0,0,0,0,0,0,0,0,0,0,36,33,
36,36,0,0,0,0,0,0,0,34,34,33,34,0,0,0,18,18,18,0,34,34,34,34,34,34,0,0,0,0,0,0,0,0,0,0,0,0,0,0,0,0,0,0,0,0,0,36,33,
33,36,0,0,0,0,0,0,0,34,34,34,34,0,0,0,34,34,34,0,34,34,34,34,34,34,0,0,97,98,0,0,0,0,0,0,0,0,0,0,0,0,0,0,0,0,0,36,33,
33,36,0,0,0,0,18,18,18,34,34,34,34,0,0,0,34,34,34,0,34,34,34,34,33,34,0,0,0,0,0,0,0,0,0,0,0,0,0,0,0,0,18,18,18,18,18,36,33,
33,36,0,0,0,0,34,34,34,34,34,34,34,0,0,0,0,0,0,0,34,34,34,34,34,34,0,0,0,0,0,0,0,0,0,0,0,0,0,0,0,0,34,34,34,34,34,36,33,
33,36,0,0,0,0,34,33,34,34,34,34,34,0,0,0,0,0,0,0,34,34,34,34,34,34,0,0,0,0,0,18,18,18,0,0,0,114,115,0,0,0,34,34,34,34,34,5,33,
33,5,0,0,0,0,34,34,34,34,33,34,34,0,0,0,0,0,0,0,33,36,33,33,36,33,0,113,0,0,0,34,34,34,0,0,0,0,0,0,0,101,34,33,34,34,34,36,33,
33,36,0,0,0,0,0,0,0,34,34,34,34,18,18,18,0,0,0,0,0,0,0,0,0,0,0,0,0,0,0,34,34,34,0,0,0,0,0,18,18,34,34,34,34,34,34,36,33,
33,36,0,0,0,0,0,0,0,34,34,34,34,34,34,34,0,0,0,0,0,0,0,0,0,0,0,0,0,0,0,0,0,0,0,0,0,0,0,34,34,34,34,34,34,34,34,36,33,
33,36,0,0,0,0,0,0,0,34,34,34,33,34,34,34,0,0,0,0,0,0,0,0,0,0,0,0,0,0,0,0,0,0,0,0,0,0,0,34,34,34,34,34,33,34,34,36,33,
33,36,0,0,0,0,0,0,0,0,0,34,34,34,0,0,0,0,0,0,0,0,0,0,0,0,0,0,0,0,0,0,0,0,0,0,0,0,0,34,34,33,34,34,34,34,34,36,33,
33,36,0,0,0,116,0,0,0,0,0,34,34,34,0,0,0,0,0,0,0,0,101,101,0,0,0,0,0,0,0,0,0,0,0,0,0,0,0,34,34,33,33,34,34,34,34,36,33,
33,36,0,0,0,0,0,0,0,0,0,34,34,34,0,0,0,0,0,0,18,18,34,34,18,18,0,0,0,0,0,0,0,0,0,0,0,0,0,34,34,34,34,34,34,34,34,36,33,
33,36,0,0,0,0,0,0,0,113,0,0,0,0,0,0,0,0,0,0,34,34,34,33,34,34,0,0,19,19,19,0,0,97,98,0,0,0,0,34,34,34,34,34,34,34,34,36,33,
33,36,0,0,0,0,0,0,0,0,0,0,0,0,0,97,98,0,0,0,34,34,34,34,34,34,0,0,34,34,34,0,0,0,0,0,0,0,0,34,34,34,34,34,34,33,34,36,33,
5,36,18,18,18,0,0,114,115,0,0,0,0,0,0,0,0,0,0,0,34,34,34,34,34,34,0,0,0,0,0,0,0,0,0,18,18,18,0,34,34,34,34,34,34,34,34,36,33,
33,36,34,34,34,0,0,0,0,0,0,0,0,0,0,0,0,0,0,0,34,34,34,34,34,34,0,0,0,0,0,0,0,0,0,34,34,34,0,34,33,33,34,34,34,34,34,36,5,
33,36,34,34,34,0,0,0,0,0,0,0,0,0,0,0,0,0,0,0,34,34,34,34,34,34,0,0,0,0,0,0,0,0,0,0,0,0,0,34,34,34,34,34,34,34,34,36,33,
33,36,34,34,34,18,18,18,0,0,0,0,0,0,0,0,0,0,0,0,34,34,34,34,34,34,0,97,98,0,0,0,0,0,0,0,0,0,0,34,34,34,34,33,33,34,34,36,33,
33,36,34,34,34,34,34,34,0,0,0,0,0,0,0,0,0,0,0,0,34,34,33,34,34,34,0,0,0,0,0,0,18,18,18,0,0,0,0,34,34,34,34,34,34,34,34,36,33,
33,5,34,34,34,34,34,34,0,0,0,0,0,0,0,97,98,0,0,0,34,34,34,34,34,34,0,0,0,0,0,0,34,34,34,0,0,0,0,34,34,34,34,34,34,34,34,36,33,
33,36,34,34,34,0,0,0,0,0,0,0,0,0,0,0,0,0,0,0,34,34,34,34,34,34,0,0,0,0,19,19,34,34,34,0,0,0,0,0,0,0,0,0,0,0,0,5,33,
33,36,34,34,34,0,0,0,0,0,0,0,113,0,0,0,0,0,0,0,34,34,34,34,34,34,0,0,0,0,0,0,0,0,0,0,0,0,0,0,0,0,0,0,0,0,0,36,33,
33,36,34,34,34,0,0,0,0,0,0,0,0,0,0,0,0,0,0,0,34,34,34,34,34,34,0,0,0,0,0,0,0,0,0,0,0,0,0,0,0,114,115,0,0,0,0,36,33,
33,36,34,34,34,0,0,0,97,98,0,0,0,0,0,0,0,0,0,0,34,34,34,34,34,34,0,0,0,0,0,97,98,0,0,0,0,0,0,0,0,0,0,0,0,0,0,36,33,
33,36,0,0,0,0,0,0,0,0,0,0,0,0,0,0,0,0,101,101,34,34,34,34,34,34,0,0,0,0,0,0,0,0,0,0,0,0,0,0,0,0,0,0,116,0,0,36,33,
33,36,0,0,0,0,0,0,0,0,0,0,0,116,0,18,18,18,34,34,34,34,34,34,34,34,18,18,18,18,18,0,0,0,0,0,0,0,0,0,0,0,0,0,0,0,0,36,5,
33,5,0,0,0,0,0,0,0,0,0,0,0,0,0,34,34,34,34,34,34,34,34,34,34,34,34,34,34,34,34,0,0,0,113,0,0,0,0,0,0,0,0,0,0,0,0,36,33,
33,36,0,0,114,115,0,0,0,0,0,0,0,0,0,34,34,34,34,33,34,34,34,34,34,34,34,34,34,33,34,0,0,0,0,0,0,0,0,0,0,0,0,0,0,0,0,36,33,
33,36,0,0,0,0,0,0,0,0,18,18,18,18,18,34,34,34,34,34,34,34,34,34,34,34,34,34,34,34,34,18,18,18,18,18,0,0,0,0,0,18,18,18,18,18,18,5,33,
33,36,0,0,0,0,0,0,101,101,34,34,33,34,34,34,34,34,34,34,34,34,34,34,34,33,34,34,34,34,34,34,34,34,34,34,101,101,101,101,101,34,34,34,33,34,34,36,33,
33,36,18,18,18,18,18,18,34,34,34,34,34,34,34,33,34,34,34,34,34,34,34,34,34,34,34,34,34,34,34,34,34,34,34,34,34,34,34,34,34,34,34,34,34,34,34,36,33

[Entities]
# enemy
type=enemy
location=35,25,1,1

[Entities]
# key
type=key
location=20,47,1,1

[Entities]
# star
type=star
location=10,14,1,1

[Entities]
# star
type=star
location=32,9,1,1

[Entities]
# star
type=star
location=27,32,1,1

[Entities]
# star
type=star
location=9,31,1,1

[Entities]
# star
type=star
location=37,64,1,1

[Entities]
# player
type=player
location=32,26,1,1

