[header]
width=64
height=32
tilewidth=16
tileheight=16
orientation=orthogonal
background_color=0,0,0,255

[tilesets]
tileset=sprites.png,16,16,0,0

[layer]
type=Tile Layer 1
data=
5,5,5,5,5,5,5,5,5,5,5,5,5,5,5,5,5,5,5,5,5,5,5,5,5,5,5,5,5,5,5,5,5,5,5,5,5,5,5,5,5,5,5,5,5,5,5,5,5,5,5,5,5,5,5,5,5,5,5,5,5,5,5,5,
5,0,0,0,0,0,0,0,0,0,0,0,0,0,0,0,0,0,0,0,0,0,0,0,0,0,0,0,0,0,0,0,0,0,0,0,0,0,0,0,0,0,0,0,0,0,0,0,0,0,0,0,0,0,0,0,0,0,0,0,0,0,0,5,
5,0,0,0,0,0,0,0,0,0,0,0,0,0,0,0,0,0,0,0,0,0,0,0,0,0,0,0,0,0,0,0,0,0,0,0,0,0,0,0,0,0,0,0,0,0,0,0,0,0,0,0,0,0,0,0,0,0,0,0,0,0,0,5,
5,0,0,0,95,0,0,0,95,0,0,0,97,98,0,0,0,0,0,0,0,0,0,0,0,0,0,0,0,0,0,0,0,0,0,0,0,0,0,0,0,0,0,5,5,0,0,0,0,0,0,97,98,0,0,0,0,0,0,0,0,0,0,5,
5,0,0,0,95,0,0,0,95,0,0,0,0,0,0,0,0,0,0,0,0,0,0,0,0,0,0,5,5,5,0,0,0,0,0,0,0,0,0,0,0,0,0,5,5,0,0,0,0,0,0,0,0,0,0,0,0,0,0,0,0,0,0,5,
5,0,0,0,95,0,0,0,95,0,0,95,0,0,0,97,98,0,0,0,0,113,0,0,0,5,5,5,5,5,5,0,0,0,97,98,0,0,0,0,0,0,0,0,0,0,0,0,0,0,0,0,0,0,0,0,0,0,113,0,0,0,0,5,
5,0,0,0,95,95,95,95,95,0,0,0,0,0,0,0,0,0,0,0,0,0,0,0,5,5,0,0,0,0,5,0,0,0,0,0,0,0,0,0,0,0,0,0,0,0,0,0,0,0,0,0,0,0,0,0,0,0,0,0,0,0,0,5,
5,0,0,0,95,113,0,0,95,0,0,95,0,0,0,0,0,0,0,0,0,0,0,5,5,0,0,0,0,0,5,5,0,0,0,0,0,0,5,5,5,0,5,5,5,5,0,5,5,5,5,0,0,0,0,0,0,0,0,0,0,0,0,5,
5,0,0,0,95,0,0,0,95,0,0,95,0,0,0,0,0,0,0,0,0,0,0,0,0,0,0,0,0,0,0,5,0,0,0,0,0,0,0,5,5,0,5,5,5,5,0,5,5,5,0,0,0,0,0,0,97,98,0,0,0,0,0,5,
5,0,0,0,95,0,0,0,95,0,0,95,0,0,0,0,0,0,0,0,0,0,5,5,0,0,0,0,0,0,0,5,0,0,5,5,5,0,0,0,0,0,5,5,5,5,0,0,0,0,0,0,5,5,5,0,0,0,0,0,0,0,0,5,
5,0,0,0,0,0,0,0,0,0,0,0,0,0,0,0,97,98,0,0,0,5,5,0,97,98,0,0,0,0,0,0,5,0,0,0,0,0,0,0,0,0,0,5,5,0,0,0,0,0,0,0,0,0,0,0,0,0,0,0,0,0,0,5,
5,0,0,0,0,0,0,0,97,98,0,0,0,0,0,0,0,0,0,0,5,5,5,0,0,0,0,0,0,0,0,0,5,5,0,0,0,0,0,0,0,0,0,5,5,0,0,0,0,0,0,0,0,0,0,0,0,0,0,0,0,0,0,5,
5,0,0,0,0,0,0,0,0,0,0,0,0,0,0,0,0,0,0,0,0,0,0,0,0,0,5,5,5,0,0,0,5,5,0,0,0,0,0,0,0,0,0,5,5,0,0,0,113,0,0,0,0,0,0,0,0,0,0,0,0,0,0,5,
5,0,0,0,113,0,0,0,0,0,0,0,0,0,0,0,0,0,0,5,5,5,0,0,0,0,113,0,0,0,0,0,0,5,5,0,0,0,0,0,0,0,0,0,0,0,0,0,0,0,0,0,0,0,0,0,0,0,0,0,0,0,0,5,
5,0,0,0,0,0,0,0,0,0,0,0,0,113,0,0,0,0,0,5,5,0,0,0,0,0,0,0,0,0,0,0,0,5,5,0,0,0,0,0,97,98,0,95,95,95,95,0,0,0,0,0,95,95,95,95,0,0,0,95,0,0,0,5,
5,0,0,0,0,0,0,0,0,0,0,0,0,0,0,0,0,0,5,0,0,0,0,5,5,0,0,0,0,5,5,0,0,0,5,5,0,0,0,0,0,95,95,0,0,0,0,0,0,0,95,95,0,0,0,0,0,0,0,95,0,0,0,5,
5,0,0,0,0,97,98,0,0,0,0,0,0,0,0,0,0,5,5,5,113,0,0,0,0,0,0,0,0,0,97,98,0,0,5,5,0,0,0,0,0,95,0,0,0,0,0,0,0,0,95,0,0,0,0,0,0,0,0,95,0,0,0,5,
5,0,0,0,0,0,0,0,0,0,0,0,0,0,0,0,5,5,5,0,0,0,0,0,0,0,0,0,0,0,0,0,0,0,5,5,5,0,0,0,0,95,0,0,0,0,0,0,0,0,95,0,0,0,0,0,0,0,0,95,0,0,0,5,
5,0,0,0,0,0,94,0,0,94,0,0,0,0,0,5,0,0,0,0,0,0,0,5,5,0,0,0,5,5,5,0,0,0,5,5,5,0,0,0,0,95,0,0,0,95,95,95,0,0,95,97,98,0,95,95,95,0,0,0,0,0,0,5,
5,0,0,0,0,0,94,0,0,94,0,0,0,0,0,0,0,0,0,0,5,5,5,5,5,5,5,5,5,5,5,5,5,5,5,5,5,0,0,0,0,95,95,0,0,0,0,95,0,0,95,95,95,0,0,0,95,0,0,95,113,0,0,5,
5,0,0,113,0,0,94,0,0,94,0,0,0,0,5,5,5,5,5,5,5,5,5,5,5,5,5,5,5,5,5,5,5,5,5,5,5,5,0,0,0,0,0,95,95,95,95,95,0,0,0,0,95,95,95,95,95,0,0,95,0,0,0,5,
5,0,0,0,94,0,0,0,97,98,0,94,0,0,5,5,5,5,5,0,0,0,0,5,5,5,0,5,5,5,0,0,0,0,0,0,0,0,0,0,0,0,0,0,0,0,0,0,0,0,0,0,0,0,0,0,0,0,0,0,0,0,0,5,
5,0,0,0,0,94,0,0,0,0,94,0,0,5,5,5,5,5,5,0,0,0,0,0,0,0,0,0,0,0,0,0,0,0,5,5,5,5,0,0,0,0,0,0,0,0,0,0,0,0,0,0,0,0,0,0,0,0,0,0,0,0,0,5,
5,0,0,0,0,0,94,94,94,94,0,0,5,5,5,5,5,0,0,0,0,0,0,0,0,0,0,0,0,0,0,0,0,0,0,5,5,5,5,0,5,5,5,0,0,0,0,0,0,5,5,5,0,0,0,0,5,5,5,5,0,0,0,5,
5,0,0,0,0,0,0,0,0,0,0,5,5,5,5,0,0,0,0,0,0,0,0,0,0,0,0,0,0,0,0,0,0,0,0,0,0,5,5,5,0,0,5,5,5,5,0,5,5,5,0,0,5,5,5,115,0,0,0,0,0,5,5,5,
5,0,0,0,0,0,0,0,0,0,0,5,5,5,0,0,0,0,0,0,0,0,0,0,0,0,0,0,0,0,0,0,0,0,0,0,0,0,0,0,0,0,0,0,0,0,5,0,0,0,0,0,0,0,0,0,0,0,0,0,0,0,0,5,
5,0,0,0,0,0,0,0,0,0,5,5,5,0,0,0,0,0,0,0,0,0,0,0,0,0,0,0,0,0,0,0,0,0,0,0,0,0,5,5,5,5,0,0,0,0,0,0,0,0,0,0,0,0,0,0,0,0,0,0,0,0,0,5,
5,0,0,0,0,0,0,0,0,5,5,5,0,0,0,0,0,0,0,0,0,0,0,0,0,0,0,0,0,0,0,0,0,0,0,0,0,0,0,5,5,5,5,0,0,0,0,0,0,0,0,0,0,0,0,0,0,0,0,0,0,0,0,5,
5,0,0,0,0,0,0,0,5,5,5,0,0,0,0,0,0,0,0,0,0,0,0,0,0,0,0,0,0,0,0,0,0,0,0,0,0,0,0,0,0,0,0,0,0,0,0,0,0,0,0,0,0,0,0,0,0,0,0,0,0,0,0,5,
5,0,0,0,0,0,0,5,5,5,5,5,0,0,0,0,0,0,0,0,0,0,0,0,0,0,0,0,0,0,0,0,0,0,0,0,0,0,0,0,5,5,5,5,0,0,0,0,0,0,0,0,0,0,0,0,0,0,0,0,0,0,0,5,
5,0,0,0,0,0,5,5,5,5,0,0,0,0,0,0,0,0,0,0,0,0,0,0,0,0,0,0,0,0,0,0,0,0,0,0,0,0,0,0,5,5,5,5,5,5,0,0,0,0,0,0,0,0,0,0,0,0,0,0,0,0,0,5,
5,5,5,5,5,5,5,5,5,5,5,5,5,5,5,5,5,5,5,5,5,5,5,5,5,5,5,5,5,5,5,5,5,5,5,5,5,5,5,5,5,5,5,5,5,5,5,5,5,5,5,5,5,5,5,5,5,5,5,5,5,5,5,5

[Entities]
# key
type=key
location=27,2,1,1

[Entities]
# player
type=player
location=27,10,1,1

